Hashtag,Count
nyc,58
NYC,19
newyork,19
love,11
manhattan,11
newyorkcity,8
ny,8
brooklyn,7
family,6
empirestatebuilding,6
2015,6
food,6
vscocam,6
empirestate,6
NewYork,5
