Hashtag,Count
Brooklyn,4
nyc,4
brooklyn,4
NewYork,2
NYC,2
GoodMorning,2
EVERYONE,1
dogsofinstagram,1
dancers,1
prospectpark,1
86thStreet,1
happyholidays,1
yummy,1
Her,1
FREEEEEE,1
