Hashtag,Count
TBT,9
tbt,8
Shaggy,4
farrock,4
farrockaway,4
RSNY,4
NowPlaying,3
bronx,3
oomomtour,3
oomom,3
iHeartRadio,3
Websterhall,3
Repost,3
nyc,3
brooklyn,3
