Hashtag,Count
motivation,1
WCEE,1
inspire,1
people,1
money,1
CatsOfInstagram,1
idrawitonmywall,1
addictedminds,1
NYC,1
yourvotecounts,1
AKA,1
happiness,1
whatsororitygirlsreallydo,1
\xce\x94\xce\xa1\xce\xa9,1
rp,1
