Hashtag,Count
brooklyn,5
PoundsNYC\n\nDoors,5
nyc,4
instagood,3
carscollection,2
exoticcars,2
new,2
newyork,2
love,2
instagramhub,2
autoleasing,2
1,2
photooftheday,2
exclusive,2
shihtzu,2
