Hashtag,Count
nyc,4
NYC,2
LA.,1
Aero,1
bestie,1
blackandwhite,1
moonsreflection,1
TriBeCa,1
germballs.,1
josefkoudelka,1
comeandgetitladies,1
joshgad,1
vangogh,1
style,1
bff,1
