Hashtag,Count
tbt,31
nyc,9
TBT,7
selfie,6
gym,4
newyork,3
love,3
NewYork,2
follow,2
thursday,2
NYC,2
body,2
newyorkcity,2
throwback,2
wedding,2
