Hashtag,Count
nyc,3
newyorkcity,2
museum,2
funny,2
BeEverything,1
gown,1
outabout,1
OperationGetBig,1
themet,1
TeamNoShirt,1
inspiring,1
langidog,1
deufome,1
bemgostoso,1
MCMing,1
