Hashtag,Count
ThinkAboutIt,1
Brothers4lifeYandelAidenScooterClanParkTimeBrotherlyLoveLoveRulesOverEverythingFunTime,1
AtomicBomb\xf0\x9f\x98\x82\xf0\x9f\x98\x82\xf0\x9f\x98\x98,1
DominicanGirls,1
FoodForThought,1
gottaloveus,1
