Hashtag,Count
offtherailsinspo,2
crownheights,1
instalaugh,1
london,1
follow4follow,1
follow,1
style,1
savesticksandstonesagency,1
ours,1
WhyGoElsewhere,1
followback,1
freshbaked,1
workout,1
lcm,1
oldchamps,1
