Hashtag,Count
dancemoms1,3
nyc,3
clubdance,3
teamaj,2
InstaGood,2
blog,2
likeforlike,2
followforlikes,2
wweajlee,2
FashionDaily,2
fashionblogger,2
dancemoms,2
wwe,2
fashionkillah,2
boutique,2
